Test1 23 0.046000 0.022000 0.004000
Test2 23 0.049000 0.042000 0.240000
Test3 23 0.052000 0.026000 0.611000
Test4 23 0.057000 0.028000 1.361000
Test5 23 0.065000 0.035000 2.310000
Test6 23 0.084000 0.060000 3.743000
Test7 23 0.090000 0.058000 4.754000
Test8 23 0.115000 0.082000 7.332000
Test9 23 0.134000 0.094000 8.709000
Test10 23 0.160000 0.113000 11.053000
Test11 23 0.184000 0.130000 12.817000
Test12 23 0.223000 0.150000 15.258000
Test13 23 0.251000 0.173000 18.027000
Test14 23 0.287000 0.197000 20.599001
Test15 23 0.338000 0.227000 24.357000
Test16 23 0.374000 0.251000 27.524000
Test17 23 0.435000 0.291000 32.347000
Test18 23 0.479000 0.319000 35.759998
Test19 23 0.531000 0.354000 39.810001
Test20 23 0.634000 0.421000 48.347000
