T1 23 0.050000 0.021000 0.004000
T2 23 0.055000 0.025000 0.239000
T3 23 0.058000 0.026000 0.610000
T4 23 0.062000 0.028000 1.362000
T5 23 0.070000 0.035000 2.306000
T6 23 0.091000 0.051000 2.500000
T7 23 0.095000 0.057000 2.500000
T8 23 0.120000 0.083000 2.500000
T9 23 0.134000 0.094000 2.500000
T10 23 0.160000 0.113000 2.500000
T11 23 0.185000 0.129000 2.500000
T12 23 0.222000 0.149000 2.500000
T13 23 0.250000 0.174000 2.500000
T14 23 0.286000 0.196000 2.500000
T15 23 0.335000 0.229000 2.500000
T16 23 0.374000 0.251000 2.500000
T17 23 0.436000 0.292000 2.500000
T18 23 0.481000 0.317000 2.500000
T19 23 0.530000 0.355000 2.500000
T20 23 0.637000 0.424000 2.500000
